
*******************************************  Drifts coefficients *******************************************

PassengerId = 0.9976076555023923
Name = 0.9907209289823127
Ticket = 0.6627713491463281
Cabin = 0.18140594929198794
Embarked = 0.0790020812324328
Age = 0.056642682550217316
Pclass = 0.031607250008015786
Fare = 0.01938624737615946
Sex = 0.01122793918934395
SibSp = 0.0063526166561755915
Parch = 0.00010514647580306402
